                   coef  exp(coef)  se(coef)  ...         z         p  -log2(p)
covariate                                     ...                              
AKIP1      2.170255e-08   1.000000  0.000054  ...  0.000402  0.999680  0.000462
CBX2       6.621477e-02   1.068456  0.112720  ...  0.587428  0.556916  0.844468
CDC20      2.038614e-08   1.000000  0.000049  ...  0.000416  0.999668  0.000479
CDCA8      2.168760e-08   1.000000  0.000054  ...  0.000402  0.999679  0.000463
CEBPZOS    3.096206e-08   1.000000  0.000111  ...  0.000280  0.999777  0.000322
CENPA      2.460333e-08   1.000000  0.000067  ...  0.000365  0.999709  0.000420
CEP55      1.719956e-08   1.000000  0.000039  ...  0.000442  0.999647  0.000509
CLEC3B    -9.896282e-02   0.905776  0.103062  ... -0.960231  0.336939  1.569440
DYNC1LI1   2.236302e-08   1.000000  0.000057  ...  0.000394  0.999686  0.000453
EIF5B      6.056856e-02   1.062440  0.110991  ...  0.545706  0.585268  0.772831
ENO1       1.908605e-08   1.000000  0.000045  ...  0.000429  0.999658  0.000493
G6PD       3.753371e-08   1.000000  0.000186  ...  0.000201  0.999839  0.000232
GAS2L3     2.039255e-08   1.000000  0.000049  ...  0.000416  0.999668  0.000479
GNL2       1.972696e-08   1.000000  0.000047  ...  0.000423  0.999663  0.000487
GRPEL2     2.231919e-08   1.000000  0.000057  ...  0.000394  0.999685  0.000454
GTPBP4     2.003193e-08   1.000000  0.000048  ...  0.000420  0.999665  0.000483
HILPDA     1.860877e-02   1.018783  0.105079  ...  0.177094  0.859435  0.218540
KIAA1841   2.076017e-08   1.000000  0.000050  ...  0.000412  0.999671  0.000475
KIF18A     1.819456e-08   1.000000  0.000042  ...  0.000436  0.999652  0.000502
KIF20A     2.124681e-08   1.000000  0.000052  ...  0.000407  0.999675  0.000468
KIF2C      1.890724e-08   1.000000  0.000044  ...  0.000430  0.999657  0.000495
KPNA2      1.894715e-02   1.019128  0.137737  ...  0.137561  0.890588  0.167171
LPCAT1     3.070849e-08   1.000000  0.000108  ...  0.000283  0.999774  0.000326
MCM10      1.883013e-08   1.000000  0.000044  ...  0.000431  0.999656  0.000496
MED8       2.747088e-08   1.000000  0.000084  ...  0.000326  0.999740  0.000376
MEX3A      2.159418e-08   1.000000  0.000054  ...  0.000403  0.999679  0.000464
NEIL3      3.325836e-08   1.000000  0.000133  ...  0.000251  0.999800  0.000289
NOL10      1.906434e-08   1.000000  0.000044  ...  0.000429  0.999658  0.000494
P3H1       2.108157e-08   1.000000  0.000052  ...  0.000409  0.999674  0.000470
PFKFB4     1.861197e-08   1.000000  0.000043  ...  0.000433  0.999655  0.000498
PIGU       4.363727e-08   1.000000  0.000303  ...  0.000144  0.999885  0.000166
PPM1G      2.132719e-08   1.000000  0.000053  ...  0.000406  0.999676  0.000467
PRR11      1.840250e-08   1.000000  0.000042  ...  0.000434  0.999654  0.000500
PSRC1      2.193372e-08   1.000000  0.000055  ...  0.000399  0.999682  0.000459
RBM45      1.717580e-08   1.000000  0.000039  ...  0.000442  0.999647  0.000509
RTN3       2.475862e-08   1.000000  0.000068  ...  0.000363  0.999710  0.000418
RUVBL1     1.970999e-08   1.000000  0.000047  ...  0.000423  0.999663  0.000487
SEPHS1     2.196114e-08   1.000000  0.000055  ...  0.000399  0.999682  0.000459
SGO2       2.023035e-08   1.000000  0.000048  ...  0.000418  0.999667  0.000481
SLC1A5     2.220516e-08   1.000000  0.000056  ...  0.000396  0.999684  0.000455
SLC2A1     1.769022e-08   1.000000  0.000040  ...  0.000439  0.999650  0.000506
SMS        4.233244e-08   1.000000  0.000273  ...  0.000155  0.999876  0.000178
TAF3       2.195058e-08   1.000000  0.000055  ...  0.000399  0.999682  0.000459
TCOF1      1.791932e-08   1.000000  0.000041  ...  0.000438  0.999651  0.000504
TRIP13     1.927898e-08   1.000000  0.000045  ...  0.000427  0.999659  0.000491
TTK        2.113603e-08   1.000000  0.000052  ...  0.000408  0.999674  0.000470
UCK2       1.590758e-02   1.016035  0.128118  ...  0.124164  0.901186  0.150104
UTP11      1.572840e-01   1.170328  0.146584  ...  1.072995  0.283273  1.819734
YARS1      6.092874e-04   1.000609  0.131631  ...  0.004629  0.996307  0.005338
YBX1       3.268458e-08   1.000000  0.000127  ...  0.000258  0.999794  0.000297

[50 rows x 11 columns]